500 88 28 28 4 1
318 324 20 20 3 1
442 396 20 20 2 1
500 464 28 28 4 1
940 476 28 28 2 1
856 456 28 28 4 1
892 500 28 28 3 1
140 92 28 28 1 1
937 485 22 22 2 1
50 472 28 28 2 1
854 460 28 28 3 1
270 186 20 20 4 1
146 462 24 24 3 1
305 205 18 18 4 1
266 316 20 20 4 1
66 466 20 20 3 1
158 366 28 28 1 1
850 100 28 28 3 1
860 92 28 28 1 1
948 476 20 20 1 1
58 468 28 28 4 1
850 452 28 28 1 1
898 526 20 20 4 1
50 520 28 28 2 1
502 84 28 28 3 1
55 477 26 26 3 1
33 481 22 22 3 1
533 251 18 18 4 1
665 443 18 18 4 1
415 221 18 18 4 1
713 245 22 22 2 1
647 281 22 22 3 1
941 483 26 26 3 1
47 505 22 22 3 1
530 362 24 24 2 1
662 446 20 20 4 1
496 84 28 28 2 1
488 502 28 28 1 1
854 452 20 20 4 1
165 345 22 22 3 1
668 446 20 20 2 1
436 126 16 16 2 1
61 475 22 22 2 1
66 476 20 20 4 1
913 523 26 26 1 1
95 489 22 22 2 1
895 529 22 22 3 1
152 456 28 28 1 1
154 104 24 24 4 1
863 465 22 22 3 1
934 488 20 20 2 1
468 186 16 16 3 1
891 507 22 22 4 1
94 226 20 20 1 1
837 191 14 14 1 1
111 509 22 22 2 1
110 482 16 16 3 1
943 493 22 22 3 1
428 118 20 20 1 1
102 502 24 24 2 1
51 501 22 22 2 1
74 480 20 20 2 1
936 522 20 20 1 1
98 524 16 16 4 1
734 10 28 28 1 1
26 468 24 24 2 1
508 468 24 24 3 1
860 430 20 20 2 1
120 490 16 16 2 1
469 153 14 14 2 1
189 349 26 26 1 1
334 68 20 20 4 1
156 392 16 16 3 1
82 456 20 20 2 1
945 129 18 18 3 1
48 500 16 16 4 1
832 186 16 16 3 1
535 249 22 22 1 1
528 254 20 20 4 1
166 458 16 16 3 1
654 286 16 16 4 1
25 467 14 14 1 1
156 102 20 20 1 1
