500 88 28 28 3 1
717 249 18 18 1 1
270 186 20 20 1 1
500 464 28 28 4 1
858 462 24 24 4 1
940 476 28 28 3 1
531 361 22 22 4 1
146 460 28 28 1 1
832 186 20 20 1 1
144 92 28 28 1 1
856 92 28 28 1 1
848 454 28 28 4 1
930 482 28 28 1 1
317 321 22 22 3 1
32 484 20 20 3 1
850 100 28 28 3 1
897 505 22 22 4 1
446 394 16 16 4 1
152 454 28 28 3 1
63 467 22 22 3 1
648 282 20 20 3 1
940 484 20 20 4 1
142 458 28 28 2 1
105 481 22 22 2 1
668 446 20 20 3 1
46 472 28 28 2 1
948 476 20 20 1 1
50 520 28 28 1 1
914 514 28 28 1 1
468 186 16 16 2 1
300 206 24 24 1 1
105 489 26 26 3 1
153 103 26 26 2 1
316 196 24 24 2 1
38 484 20 20 2 1
74 482 20 20 1 1
95 481 22 22 4 1
147 99 26 26 1 1
666 444 16 16 2 1
139 95 26 26 4 1
301 203 22 22 2 1
62 474 20 20 2 1
88 494 20 20 4 1
861 91 26 26 2 1
51 505 22 22 4 1
946 484 20 20 2 1
535 251 18 18 4 1
548 142 16 16 4 1
495 87 26 26 1 1
434 124 16 16 2 1
468 152 16 16 2 1
662 448 20 20 3 1
940 490 20 20 2 1
944 524 20 20 3 1
97 523 22 22 4 1
506 472 24 24 4 1
96 520 20 20 1 1
940 126 24 24 1 1
325 205 14 14 4 1
50 504 16 16 1 1
861 131 22 22 2 1
120 490 16 16 4 1
115 507 14 14 4 1
510 90 16 16 3 1
1006 420 16 16 1 1
968 414 16 16 1 1
