564 346 28 28 4 1
754 40 28 28 1 1
878 38 28 28 2 1
515 309 22 22 1 1
400 248 20 20 4 1
696 224 20 20 3 1
657 41 18 18 2 1
442 504 28 28 3 1
532 532 20 20 4 1
681 421 22 22 2 1
516 514 20 20 4 1
617 159 18 18 4 1
880 38 16 16 1 1
749 45 26 26 1 1
359 213 22 22 1 1
258 316 28 28 2 1
472 490 28 28 3 1
616 152 28 28 2 1
460 158 24 24 1 1
469 137 26 26 3 1
484 530 20 20 1 1
560 254 24 24 1 1
532 522 28 28 3 1
463 529 26 26 4 1
730 208 24 24 1 1
597 199 22 22 4 1
490 516 20 20 4 1
422 514 28 28 4 1
499 507 22 22 2 1
649 225 22 22 4 1
398 258 20 20 1 1
526 500 20 20 1 1
590 534 20 20 4 1
562 524 28 28 2 1
749 39 26 26 1 1
877 47 22 22 4 1
883 49 22 22 4 1
442 524 20 20 3 1
617 155 18 18 2 1
588 518 28 28 3 1
525 527 22 22 4 1
461 521 22 22 2 1
440 102 20 20 2 1
510 310 20 20 4 1
361 209 18 18 2 1
567 345 18 18 3 1
532 498 28 28 1 1
634 140 24 24 4 1
833 429 22 22 4 1
270 318 16 16 1 1
566 254 16 16 2 1
512 312 24 24 1 1
539 489 26 26 1 1
408 116 20 20 4 1
486 522 20 20 4 1
522 62 20 20 2 1
572 526 20 20 3 1
491 535 18 18 3 1
504 530 16 16 1 1
394 46 28 28 1 1
263 225 26 26 3 1
759 4294967285 26 26 1 1
582 494 20 20 1 1
459 43 18 18 2 1
444 510 16 16 2 1
508 532 16 16 2 1
678 418 16 16 1 1
461 59 18 18 1 1
450 516 16 16 4 1
570 358 16 16 3 1
590 504 16 16 4 1
569 531 22 22 3 1
592 42 20 20 4 1
944 32 20 20 1 1
459 37 18 18 2 1
774 4294967286 24 24 1 1
768 234 20 20 3 1
641 151 18 18 2 1
591 497 14 14 4 1
575 345 14 14 3 1
214 4 16 16 3 1
421 127 22 22 2 1
265 319 14 14 3 1
