754 44 24 24 3 1
395 45 26 26 1 1
878 38 28 28 2 1
444 504 28 28 4 1
510 308 28 28 4 1
476 492 28 28 1 1
461 159 22 22 1 1
260 316 28 28 4 1
650 224 20 20 3 1
657 41 18 18 1 1
481 531 22 22 4 1
532 524 28 28 4 1
398 248 24 24 3 1
880 38 16 16 1 1
695 223 22 22 1 1
637 141 22 22 3 1
487 525 26 26 4 1
487 513 22 22 3 1
471 499 22 22 2 1
572 346 20 20 2 1
526 530 28 28 2 1
572 498 28 28 3 1
358 210 24 24 3 1
611 153 22 22 2 1
559 257 22 22 1 1
461 529 22 22 1 1
572 508 28 28 1 1
618 156 28 28 3 1
587 533 22 22 3 1
882 48 20 20 2 1
504 530 16 16 1 1
420 518 28 28 1 1
471 493 22 22 3 1
301 13 18 18 3 1
464 522 24 24 1 1
569 531 22 22 2 1
617 155 22 22 3 1
442 524 20 20 1 1
518 524 20 20 1 1
888 52 16 16 1 1
261 225 26 26 1 1
757 39 26 26 4 1
192 428 24 24 4 1
492 518 20 20 3 1
750 46 24 24 1 1
593 523 22 22 4 1
731 207 22 22 2 1
650 30 28 28 4 1
741 305 22 22 2 1
536 534 20 20 3 1
638 152 20 20 2 1
685 421 18 18 3 1
450 516 16 16 1 1
582 496 20 20 4 1
270 318 16 16 4 1
566 254 16 16 2 1
594 46 16 16 4 1
390 42 24 24 1 1
399 245 22 22 4 1
579 41 22 22 2 1
564 528 20 20 2 1
576 530 16 16 1 1
499 509 26 26 3 1
759 4294967285 26 26 4 1
292 110 24 24 3 1
398 50 24 24 3 1
678 422 20 20 1 1
724 102 24 24 1 1
464 14 20 20 3 1
942 34 20 20 1 1
520 310 16 16 1 1
533 531 14 14 3 1
833 431 22 22 1 1
393 519 22 22 4 1
359 209 18 18 2 1
836 210 28 28 1 1
570 344 16 16 4 1
446 534 16 16 3 1
489 525 14 14 4 1
774 4294967286 24 24 1 1
566 262 24 24 1 1
506 506 20 20 1 1
668 402 28 28 4 1
590 504 16 16 2 1
517 307 14 14 1 1
797 241 14 14 3 1
738 114 16 16 3 1
770 236 16 16 4 1
362 206 16 16 3 1
